%YAML:1.0
---
K: !!opencv-matrix
   rows: 3
   cols: 3
   dt: d
   data: [ 1.5167276342144407e+03, 0., 9.6538047130198106e+02, 0.,
       1.5168510323350276e+03, 5.4236646774209441e+02, 0., 0., 1. ]
D: !!opencv-matrix
   rows: 1
   cols: 5
   dt: d
   data: [ 1.1061131869945615e-01, -3.7321733621921732e-01,
       -1.5398731864645684e-03, 1.5332641274174396e-03,
       4.9608546581035939e-01 ]
